1
11
1       1       -1      -0.9    -0.8    -0.7    -0.6    -0.5    -0.4    -0.3    -0.2    -0.1    0
2       1       -1      -0.9    -0.8    -0.7    -0.6    -0.5    -0.4    -0.3    -0.2    -0.1    0
3       2       -1      -0.888888889    -0.777777778    -0.666666667    -0.555555556    -0.444444444    -0.333333333    -0.222222222    -0.111111111    0
4       1       -1      -0.9    -0.8    -0.7    -0.6    -0.5    -0.4    -0.3    -0.2    -0.1    0
5       2       -1      -0.888888889    -0.777777778    -0.666666667    -0.555555556    -0.444444444    -0.333333333    -0.222222222    -0.111111111    0
6       3       -1      -0.875  -0.75   -0.625  -0.5    -0.375  -0.25   -0.125  0
7       1       -1      -0.9    -0.8    -0.7    -0.6    -0.5    -0.4    -0.3    -0.2    -0.1    0
8       2       -1      -0.888888889    -0.777777778    -0.666666667    -0.555555556    -0.444444444    -0.333333333    -0.222222222    -0.111111111    0
9       3       -1      -0.875  -0.75   -0.625  -0.5    -0.375  -0.25   -0.125  0
10      4       -1      -0.857142857    -0.714285714    -0.571428571    -0.428571429    -0.285714286    -0.142857143    0
11      1       -1      -0.9    -0.8    -0.7    -0.6    -0.5    -0.4    -0.3    -0.2    -0.1    0
12      2       -1      -0.888888889    -0.777777778    -0.666666667    -0.555555556    -0.444444444    -0.333333333    -0.222222222    -0.111111111    0
13      3       -1      -0.875  -0.75   -0.625  -0.5    -0.375  -0.25   -0.125  0
14      4       -1      -0.857142857    -0.714285714    -0.571428571    -0.428571429    -0.285714286    -0.142857143    0
15      5       -1      -0.833333333    -0.666666667    -0.5    -0.333333333    -0.166666667    0
16      1       -1      -0.9    -0.8    -0.7    -0.6    -0.5    -0.4    -0.3    -0.2    -0.1    0
17      2       -1      -0.888888889    -0.777777778    -0.666666667    -0.555555556    -0.444444444    -0.333333333    -0.222222222    -0.111111111    0
18      3       -1      -0.875  -0.75   -0.625  -0.5    -0.375  -0.25   -0.125  0
19      4       -1      -0.857142857    -0.714285714    -0.571428571    -0.428571429    -0.285714286    -0.142857143    0
20      5       -1      -0.833333333    -0.666666667    -0.5    -0.333333333    -0.166666667    0
21      6       -1      -0.8    -0.6    -0.4    -0.2    0
22      1       -1      -0.9    -0.8    -0.7    -0.6    -0.5    -0.4    -0.3    -0.2    -0.1    0
23      2       -1      -0.888888889    -0.777777778    -0.666666667    -0.555555556    -0.444444444    -0.333333333    -0.222222222    -0.111111111    0
24      3       -1      -0.875  -0.75   -0.625  -0.5    -0.375  -0.25   -0.125  0
25      4       -1      -0.857142857    -0.714285714    -0.571428571    -0.428571429    -0.285714286    -0.142857143    0
26      5       -1      -0.833333333    -0.666666667    -0.5    -0.333333333    -0.166666667    0
27      6       -1      -0.8    -0.6    -0.4    -0.2    0
28      7       -1      -0.75   -0.5    -0.25   0
29      1       -1      -0.9    -0.8    -0.7    -0.6    -0.5    -0.4    -0.3    -0.2    -0.1    0
30      2       -1      -0.888888889    -0.777777778    -0.666666667    -0.555555556    -0.444444444    -0.333333333    -0.222222222    -0.111111111    0
31      3       -1      -0.875  -0.75   -0.625  -0.5    -0.375  -0.25   -0.125  0
32      4       -1      -0.857142857    -0.714285714    -0.571428571    -0.428571429    -0.285714286    -0.142857143    0
33      5       -1      -0.833333333    -0.666666667    -0.5    -0.333333333    -0.166666667    0
34      6       -1      -0.8    -0.6    -0.4    -0.2    0
35      7       -1      -0.75   -0.5    -0.25   0
36      8       -1      -0.666666667    -0.333333333    0
37      1       -1      -0.9    -0.8    -0.7    -0.6    -0.5    -0.4    -0.3    -0.2    -0.1    0
38      2       -1      -0.888888889    -0.777777778    -0.666666667    -0.555555556    -0.444444444    -0.333333333    -0.222222222    -0.111111111    0
39      3       -1      -0.875  -0.75   -0.625  -0.5    -0.375  -0.25   -0.125  0
40      4       -1      -0.857142857    -0.714285714    -0.571428571    -0.428571429    -0.285714286    -0.142857143    0
41      6       -1      -0.8    -0.6    -0.4    -0.2    0
42      7       -1      -0.75   -0.5    -0.25   0
43      8       -1      -0.666666667    -0.333333333    0
44      9       -1      -0.5    0
45      1       -1      -0.9    -0.8    -0.7    -0.6    -0.5    -0.4    -0.3    -0.2    -0.1    0
46      2       -1      -0.888888889    -0.777777778    -0.666666667    -0.555555556    -0.444444444    -0.333333333    -0.222222222    -0.111111111    0
47      3       -1      -0.875  -0.75   -0.625  -0.5    -0.375  -0.25   -0.125  0
48      4       -1      -0.857142857    -0.714285714    -0.571428571    -0.428571429    -0.285714286    -0.142857143    0
49      7       -1      -0.75   -0.5    -0.25   0
50      8       -1      -0.666666667    -0.333333333    0
51      9       -1      -0.5    0
52      10      -1      0
53      1       -1      -0.9    -0.8    -0.7    -0.6    -0.5    -0.4    -0.3    -0.2    -0.1    0
54      2       -1      -0.888888889    -0.777777778    -0.666666667    -0.555555556    -0.444444444    -0.333333333    -0.222222222    -0.111111111    0
55      3       -1      -0.875  -0.75   -0.625  -0.5    -0.375  -0.25   -0.125  0
56      4       -1      -0.857142857    -0.714285714    -0.571428571    -0.428571429    -0.285714286    -0.142857143    0
57      8       -1      -0.666666667    -0.333333333    0
58      9       -1      -0.5    0
59      10      -1      0
60      10      -1      0
61      2       -1      -0.888888889    -0.777777778    -0.666666667    -0.555555556    -0.444444444    -0.333333333    -0.222222222    -0.111111111    0
62      3       -1      -0.875  -0.75   -0.625  -0.5    -0.375  -0.25   -0.125  0
63      4       -1      -0.857142857    -0.714285714    -0.571428571    -0.428571429    -0.285714286    -0.142857143    0
64      5       -1      -0.833333333    -0.666666667    -0.5    -0.333333333    -0.166666667    0
65      8       -1      -0.666666667    -0.333333333    0
66      9       -1      -0.5    0
67      10      -1      0
68      10      -1      0
69      3       -1      -0.875  -0.75   -0.625  -0.5    -0.375  -0.25   -0.125  0
70      4       -1      -0.857142857    -0.714285714    -0.571428571    -0.428571429    -0.285714286    -0.142857143    0
71      5       -1      -0.833333333    -0.666666667    -0.5    -0.333333333    -0.166666667    0
72      6       -1      -0.8    -0.6    -0.4    -0.2    0
73      8       -1      -0.666666667    -0.333333333    0
74      9       -1      -0.5    0
75      10      -1      0
76      10      -1      0
77      4       -1      -0.857142857    -0.714285714    -0.571428571    -0.428571429    -0.285714286    -0.142857143    0
78      5       -1      -0.833333333    -0.666666667    -0.5    -0.333333333    -0.166666667    0
79      6       -1      -0.8    -0.6    -0.4    -0.2    0
80      7       -1      -0.75   -0.5    -0.25   0
81      8       -1      -0.666666667    -0.333333333    0
82      9       -1      -0.5    0
83      10      -1      0
84      10      -1      0
85      5       -1      -0.833333333    -0.666666667    -0.5    -0.333333333    -0.166666667    0
86      6       -1      -0.8    -0.6    -0.4    -0.2    0
87      7       -1      -0.75   -0.5    -0.25   0
88      8       -1      -0.666666667    -0.333333333    0
89      9       -1      -0.5    0
90      10      -1      0
91      10      -1      0
92      6       -1      -0.8    -0.6    -0.4    -0.2    0
93      7       -1      -0.75   -0.5    -0.25   0
94      8       -1      -0.666666667    -0.333333333    0
95      9       -1      -0.5    0
96      10      -1      0
97      10      -1      0
98      7       -1      -0.75   -0.5    -0.25   0
99      8       -1      -0.666666667    -0.333333333    0
100     9       -1      -0.5    0
101     10      -1      0
102     10      -1      0
103     8       -1      -0.666666667    -0.333333333    0
104     9       -1      -0.5    0
105     10      -1      0
106     10      -1      0
107     9       -1      -0.5    0
108     10      -1      0
109     10      -1      0
110     10      -1      0
111     10      -1      0
112     10      -1      0
